<?xml version="1.0"?>
<opencv_storage>
<Distortion type_id="opencv-matrix">
  <rows>5</rows>
  <cols>1</cols>
  <dt>f</dt>
  <data>
    -2.63348017e-002 -7.19173133e-001 -9.64801991e-004 -5.97906510e-005
    2.18954229e+000</data></Distortion>
</opencv_storage>
